cost (bps/side, base): spread=1.5 slip=1.0 comm=0.0 (no funding, spot)
########## FULL DEV-window GRID (2006-01-01 .. 2018-12-31) ##########
[dev] m15=324,344 h1=82,009 m1=4,664,636

 kgap   N    tp   dir |     n   win%    meanR     PF     totR  folds+  foldsN GATE
  0.3   5   1.0  both |  9507  51.0  -0.3025   0.49  -2876.3     13%      52 fail
  0.3   5   1.0  long |  4699  50.3  -0.3061   0.48  -1438.2      8%      52 fail
  0.3   5   1.5  both |  9507  44.8  -0.3217   0.57  -3058.2     12%      52 fail
  0.3   5   1.5  long |  4699  43.4  -0.3512   0.54  -1650.1     10%      52 fail
  0.3   5   2.0  both |  9507  38.5  -0.3528   0.59  -3353.6      8%      52 fail
  0.3   5   2.0  long |  4699  37.8  -0.3765   0.56  -1769.2      8%      52 fail
  0.3  10   1.0  both | 10100  51.5  -0.2921   0.50  -2950.3     13%      52 fail
  0.3  10   1.0  long |  4998  50.9  -0.2946   0.50  -1472.4     10%      52 fail
  0.3  10   1.5  both | 10100  45.1  -0.3121   0.58  -3152.5     12%      52 fail
  0.3  10   1.5  long |  4998  43.8  -0.3407   0.54  -1703.0     10%      52 fail
  0.3  10   2.0  both | 10100  38.8  -0.3439   0.60  -3473.1     10%      52 fail
  0.3  10   2.0  long |  4998  38.0  -0.3687   0.57  -1842.6      6%      52 fail
  0.3  20   1.0  both | 10332  51.7  -0.2885   0.51  -2980.3     13%      52 fail
  0.3  20   1.0  long |  5130  51.0  -0.2919   0.50  -1497.4     10%      52 fail
  0.3  20   1.5  both | 10332  45.3  -0.3072   0.58  -3173.5     12%      52 fail
  0.3  20   1.5  long |  5130  43.9  -0.3372   0.55  -1729.6      8%      52 fail
  0.3  20   2.0  both | 10332  39.0  -0.3387   0.60  -3499.3     10%      52 fail
  0.3  20   2.0  long |  5130  38.2  -0.3665   0.57  -1880.2      8%      52 fail
  0.5   5   1.0  both |  6384  54.1  -0.2129   0.61  -1359.0     13%      52 fail
  0.5   5   1.0  long |  3157  53.0  -0.2353   0.58   -742.8     10%      49 fail
  0.5   5   1.5  both |  6384  45.6  -0.2409   0.65  -1538.1     12%      52 fail
  0.5   5   1.5  long |  3157  43.9  -0.2817   0.61   -889.2      6%      49 fail
  0.5   5   2.0  both |  6384  38.8  -0.2743   0.66  -1750.9      8%      52 fail
  0.5   5   2.0  long |  3157  38.0  -0.3069   0.62   -968.9      2%      49 fail
  0.5  10   1.0  both |  6889  54.7  -0.2016   0.62  -1388.8     15%      52 fail
  0.5  10   1.0  long |  3401  53.8  -0.2217   0.60   -754.0     10%      49 fail
  0.5  10   1.5  both |  6889  46.1  -0.2289   0.67  -1577.1     15%      52 fail
  0.5  10   1.5  long |  3401  44.3  -0.2707   0.62   -920.6      4%      49 fail
  0.5  10   2.0  both |  6889  39.3  -0.2631   0.67  -1812.2     10%      52 fail
  0.5  10   2.0  long |  3401  38.3  -0.3006   0.63  -1022.3      2%      49 fail
  0.5  20   1.0  both |  7141  55.0  -0.1955   0.63  -1396.4     15%      52 fail
  0.5  20   1.0  long |  3535  54.0  -0.2177   0.60   -769.5     10%      49 fail
  0.5  20   1.5  both |  7141  46.3  -0.2229   0.67  -1591.6     15%      52 fail
  0.5  20   1.5  long |  3535  44.6  -0.2657   0.62   -939.1      4%      49 fail
  0.5  20   2.0  both |  7141  39.5  -0.2563   0.68  -1830.1      8%      52 fail
  0.5  20   2.0  long |  3535  38.5  -0.2947   0.63  -1041.9      2%      49 fail
  0.8   5   1.0  both |  3340  57.2  -0.1094   0.78   -365.2     27%      49 fail
  0.8   5   1.0  long |  1651  56.5  -0.1200   0.76   -198.1     23%      43 fail
  0.8   5   1.5  both |  3340  46.1  -0.1567   0.76   -523.5     18%      49 fail
  0.8   5   1.5  long |  1651  45.5  -0.1718   0.73   -283.7     21%      43 fail
  0.8   5   2.0  both |  3340  39.6  -0.1774   0.76   -592.4     12%      49 fail
  0.8   5   2.0  long |  1651  39.1  -0.1987   0.73   -328.1     19%      43 fail
  0.8  10   1.0  both |  3674  57.7  -0.1011   0.79   -371.6     24%      49 fail
  0.8  10   1.0  long |  1813  57.0  -0.1142   0.77   -207.0     20%      46 fail
  0.8  10   1.5  both |  3674  46.6  -0.1482   0.77   -544.5     20%      49 fail
  0.8  10   1.5  long |  1813  45.6  -0.1725   0.73   -312.8     22%      46 fail
  0.8  10   2.0  both |  3674  39.9  -0.1734   0.76   -636.9     10%      49 fail
  0.8  10   2.0  long |  1813  38.9  -0.2066   0.72   -374.5     15%      46 fail
  0.8  20   1.0  both |  3872  58.1  -0.0936   0.80   -362.5     29%      49 fail
  0.8  20   1.0  long |  1913  57.3  -0.1108   0.77   -211.9     22%      46 fail
  0.8  20   1.5  both |  3872  46.9  -0.1402   0.78   -543.0     20%      49 fail
  0.8  20   1.5  long |  1913  45.9  -0.1642   0.74   -314.2     20%      46 fail
  0.8  20   2.0  both |  3872  40.2  -0.1655   0.77   -640.8     14%      49 fail
  0.8  20   2.0  long |  1913  39.3  -0.1980   0.73   -378.7     20%      46 fail
